1.37442708333333 0.215518904320988 95.5128530092593 40.2411600308642 41.8525457060185 19.8726773051698 12.8242494984568 41.360154060571 19.3360187403549 48.4787694775891 55.5536017874608 0.150433665123457
2.2171875 0.16740162037037 98.722421875 42.0847874363426 40.9081993229167 20.8440385185185 13.2280495428241 40.5253200829475 19.8895932658179 48.4866300149836 55.0013450334853 0.316829311728395
14.4453298611111 0.136857638888889 92.6631597222222 43.121089224537 43.2478298051697 20.0294244984568 13.5924115470679 38.9605573688271 19.9646901273148 48.4927767179163 55.2702761782565 0.444453896604939
26.6222916666667 0.194484953703704 42.62328125 46.0052807503858 45.5595036458333 21.1913977179784 13.775125617284 43.1672328915895 20.6496572723765 48.460082029459 55.1114042819754 0.639006558641976
38.6848611111111 0.118836805555556 49.2154513888889 46.3877174710648 45.1000342361111 19.6825628954475 13.9180330439815 38.910692822145 20.3207194926698 48.5556050811382 54.8236575610259 0.783806797839506
16.0181770833333 0.189390432098765 41.4027777777778 47.5118506076389 45.3644963097994 21.2542998167438 14.0186751929012 42.0042723051697 20.3350396392747 48.5335495015043 54.9924902567577 0.967282635030865
0.554392361111111 0.138994984567901 54.8756770833333 44.4340507272377 43.7450323765432 20.2812914525463 14.2383913001543 40.7353637384259 20.5293811130401 48.4711510107461 55.343570598742 1.0978928279321
1.41453125 0.175541087962963 0 43.402583285108 43.8650774575617 20.7426970486111 14.1277855902778 42.8337658873457 19.9789598688272 48.5341271249286 55.51457677124 1.21554554398148
82.7819849537037 0.311515239197531 26.63375 45.5887864390432 44.8086775077161 22.8964758314043 13.5535141396605 44.496188759645 20.055032029321 48.5446718296319 55.2873220319237 1.45267142746914
0.464635416666667 0.174632523148148 30.2396875 43.7429829166667 43.1964753761574 21.1601599459877 14.0472083719136 44.459716415895 19.9705366030093 48.4971612702269 55.1282495666935 1.59120113425926
33.4708738425926 0.260892168209877 0 44.0630554205247 42.2478112750772 22.3305961902006 13.7014261574074 44.6139560532407 19.8664581423611 48.5315442837868 55.5371473988861 1.79586831790124
16.0206597222222 0.241521990740741 0 43.1029534548611 41.2166896064815 21.8154523958333 13.9183140740741 47.0089967862654 20.646786558642 48.5344211672178 54.9975213043312 1.98777574382716
0 0.0604726080246914 0 42.9937927256944 43.7200490856481 19.7285537615741 14.5435896450617 44.8817038715278 21.1178024266975 48.4665989871378 55.7626979040275 2.17506309027778
0 0.136390817901235 0 45.3468665432099 47.5253129089506 20.5901158410494 14.675696558642 40.7119846643518 20.4208997530864 48.396119485762 55.5263692933136 2.27710683256173
0 0.123491512345679 34.1275 45.6711734722222 47.6549409953704 20.6037158179012 14.5128559953704 44.7164504533179 20.4680050694444 48.4790072920309 55.2029242325684 2.38520633101852
0 0.0687596450617284 0 44.5386855324074 46.0769055111883 19.7541915432099 13.9307171682099 45.5476693865741 20.9760380960648 48.305983552286 55.8642714665077 2.47904299382716
0 0.13462962962963 0 49.6976619193673 51.7126432118056 20.5528729938272 14.3328902199074 44.0386846450617 20.4361753530093 48.415523716937 55.8231083299758 2.58227289737654
0 0.103217592592593 0 52.251637810571 53.9934630748457 20.6455182581019 14.5958728395062 40.2402630883488 20.6210313445216 48.4512122967086 55.4708465025827 2.68102957561728
0 0.184982638888889 0 53.5893294849537 53.4659465952932 21.5278487364969 14.8028851851852 46.2858104282407 20.3040138117284 48.5118575527682 55.3344235783354 2.79151087962963
0 0.0709972993827161 0 53.0480353838735 52.447574679784 19.4713218074846 14.9550047453704 38.3716535493827 21.0171766377315 48.4492833857183 55.6361680015695 2.88989285108025
0 0.203350694444444 37.7309548611111 53.0309019405864 51.6882080150463 21.4933407021605 14.9804816165123 43.0884187287808 20.4029690528549 48.5011760949146 55.3188402192553 3.01025264660494
0 0.124872685185185 3.0559375 52.5370381905864 50.6368645408951 20.2003295042438 14.9190063368056 44.1366598148148 20.9291704679233 48.5164171910817 55.4335321241421 3.15141844907408
0 0.0609259259259259 0 50.365553744213 50.4590669868827 19.1802473958333 14.7199797839506 45.8541271701389 21.193449523534 48.4207726070874 55.6852703422568 3.24347993634259
0 0 0 49.870854845679 51.311028912037 19.268617652392 14.9469808063272 44.0921689737654 21.7501204513889 48.3729918044847 56.0618942915052 3.31149763888889
0 0 0 49.2602591454475 52.6737204899691 18.7245439332562 15.4992187307099 45.9454748553241 21.4196741087963 48.4348959089996 55.8001157888113 3.34190570601852
0 0 0 48.8229142843364 54.113762347608 19.328957652392 15.8290944058642 47.2674536574074 22.6486319618056 48.4028086141677 56.0972143841692 3.3778582021605
0 0 0 47.5056283661265 53.8029472646605 20.4421733121142 16.5648795524691 47.6585408969907 24.109025150463 48.3794696435461 56.3203880714111 3.41144824074074
0 0 0 43.120361412037 50.5616728549383 21.4850385223765 17.0833577874228 46.3957400462963 24.6516677411265 48.3549452395979 56.8352957556079 3.44030726851852
0 0 0 48.2760243171296 53.9707028202161 21.412904837963 17.0319568287037 44.6747050192901 23.7725981693673 48.4326392302292 55.705111935372 3.46849505787037
0 0 0 48.0958643364198 53.7953284895833 20.7463114409722 17.1198806520062 47.8707494155092 23.1455043074846 48.4521768319166 55.7836225489739 3.50348619212963
0 0 0 52.0184845428241 57.0176042554012 20.4435215933642 17.0570756365741 46.2271133314043 21.9862795497134 48.6128838408809 55.7557347309255 3.54091106481481
0 0 0 53.3007567804784 57.4877168344907 19.774045464892 17.0712091435185 44.5800840547839 21.8547633931327 48.4322807208555 55.9857931597129 3.58146640817901
0 0 0 51.6128304456019 56.1309468441358 19.6599922550154 17.2591893865741 46.969869537037 22.0730835019841 48.4587989952882 55.7747132404831 3.61921107638889
0 0 0 50.1073887577161 55.4187998032407 20.274345939429 17.6052840046296 47.3590848090278 23.1935171566358 48.4528998799618 56.1606339444935 3.65185483796296
1.37442708333333 0.182770061728395 84.7351446759259 41.2464282118056 43.4696056037808 20.1369479166667 13.281939679784 42.5958965297068 19.7114806963735 48.4285680303409 55.8074079395925 0.529253954475308
