0.16740162037037 2.2171875 40.8249934510031 19.8950663773148 19.8895932658179 0.249675925925926 54.6332493268493 48.5560921305837 48.6838533317459 48.3368435654364 50.2735866144806 0.316829311728395 13.2280495428241
0.136857638888889 14.4453298611111 43.0085727391975 19.6613671180556 19.9646901273148 0.508310185185185 54.7431672935432 48.5811987785426 48.6999966798277 48.4218270588549 50.727850167525 0.444453896604939 13.5924115470679
0.194484953703704 26.6222916666667 44.453979211034 20.0586587152778 20.6496572723765 0.2696875 53.666325067437 48.5430004962471 48.6645518383651 48.1742447819085 50.2506261665035 0.639006558641976 13.775125617284
0.118836805555556 38.6848611111111 44.0613754050926 19.466913123071 20.3207194926698 0.120833333333333 54.0902892439768 48.6026547267591 48.7344355311686 48.272857601842 49.9826088981321 0.783806797839506 13.9180330439815
0.189390432098765 16.0181770833333 43.9850838464506 20.1789831655093 20.3350396392747 0.418483796296296 53.8844532044765 48.580442595772 48.720220650502 48.3125489925116 50.2695050534769 0.967282635030865 14.0186751929012
0.138994984567901 0.554392361111111 42.5809329513889 19.849050935571 20.5293811130401 0.266631944444444 55.1540314413403 48.5733466181371 48.6792025841693 48.4704937965303 50.8418231174055 1.0978928279321 14.2383913001543
0.175541087962963 1.41453125 43.2747834606481 20.0308736342593 19.9789598688272 0.188055555555556 55.4232732183852 48.6156143888182 48.740212104389 48.5545454658219 51.6736829734155 1.21554554398148 14.1277855902778
0.311515239197531 82.7819849537037 43.0694381445657 21.0780737847222 20.055032029321 0.860162037037037 53.2376269167717 48.5855260282202 48.7202927630054 48.1651604761898 50.9536004012434 1.45267142746914 13.5535141396605
0.174632523148148 0.464635416666667 43.2943175173611 20.2061985628858 19.9705366030093 0.0853935185185185 53.032962474118 48.5959303458493 48.701498173386 48.1358120329395 50.3184464037592 1.59120113425926 14.0472083719136
0.260892168209877 33.4708738425926 41.0243771006944 20.7335271990741 19.8664581423611 0.244918981481481 54.0410526696082 48.5999238076598 48.7063167430256 48.3470098534378 51.3217470463988 1.79586831790124 13.7014261574074
0.241521990740741 16.0206597222222 38.7142216550926 20.3816177854938 20.646786558642 0.126435185185185 53.8373791942989 48.6039323262156 48.7077153579018 48.3149669801031 50.3577705218727 1.98777574382716 13.9183140740741
0.0604726080246914 0 42.682460783179 20.2366900694444 21.1178024266975 0.791018518518519 54.5110634320044 48.5962069902753 48.7021971988481 48.3065688411863 50.9898424173139 2.17506309027778 14.5435896450617
0.136390817901235 0 47.3679728761574 20.015773589892 20.4208997530864 0.263275462962963 54.1607735559254 48.5483520598696 48.6179953508273 48.2769253687738 50.7422500375288 2.27710683256173 14.675696558642
0.123491512345679 0 47.185305310571 19.9881505343364 20.4680050694444 0.0830902777777778 53.7999361031322 48.5919655362719 48.6862952247975 48.2445052349893 50.5823882330728 2.38520633101852 14.5128559953704
0.0687596450617284 0 45.2940432233796 19.9501114332562 20.9760380960648 1.79328703703704 52.8311635958152 48.4704761897964 48.5766443728592 48.14999530106 50.8447209972198 2.47904299382716 13.9307171682099
0.13462962962963 0 51.5419178047839 19.9458786882716 20.4361753530093 0.552615740740741 53.7744183727235 48.5824671611739 48.6403564712697 48.3444614529063 51.1890033498831 2.58227289737654 14.3328902199074
0.103217592592593 0 53.6813615432099 20.2454821450617 20.6210313445216 0.622141203703704 54.0334637725546 48.6030162443741 48.6871767348493 48.3317418748469 50.5664142854108 2.68102957561728 14.5958728395062
0.184982638888889 0 52.9353345466821 20.5884437345679 20.3040138117284 0.218321759259259 54.9510343732222 48.61134727777 48.7045549413637 48.3936286757521 50.9036249916646 2.79151087962963 14.8028851851852
0.0709972993827161 0 49.8662225925926 19.5206393152006 21.0171766377315 0.221527777777778 53.6111490771543 48.5724161855094 48.6653846399081 48.2951655003917 51.1768088240687 2.88989285108025 14.9550047453704
0.203350694444444 0 50.1418241975309 20.3699409972994 20.4029690528549 0.138611111111111 53.6444111838826 48.5993908528773 48.6715311504637 48.2375684345644 51.0345593716575 3.01025264660494 14.9804816165123
0.124872685185185 0 48.661176421131 19.8032150790895 20.9291704679233 0.212013888888889 54.9088859893772 48.5952437074121 48.702294948832 48.4389336468423 51.0310516450804 3.15141844907408 14.9190063368056
0.0609259259259259 0 48.5891164776235 19.4321492689043 21.193449523534 1.55314814814815 53.2701037975201 48.5723784832174 48.6479499133215 48.1787243363804 50.9263717128692 3.24347993634259 14.7199797839506
0 0 50.0221578877315 19.8760750617284 21.7501204513889 0.781469907407407 53.8460863546311 48.6093591828287 48.6472311287014 48.2005140085561 51.107941293769 3.31149763888889 14.9469808063272
0 0 51.6813585686728 19.5626217862654 21.4196741087963 0.124884259259259 54.7896565290837 48.6332126578105 48.6894374318694 48.3449868073186 50.8617781050128 3.34190570601852 15.4992187307099
0 0 52.2013988117284 20.3714920698302 22.6486319618056 0.211770833333333 52.856210761407 48.6651471306203 48.6977825523898 48.0887977138938 50.422460241426 3.3778582021605 15.8290944058642
0 0 51.6448824710648 21.7169314583333 24.109025150463 0.382314814814815 52.8392700124961 48.6869886104729 48.7003024239961 48.0874241646546 50.387792130596 3.41144824074074 16.5648795524691
0 0 49.5118982272377 22.8506896199846 24.6516677411265 0.7615625 54.4887283136138 48.6948985005284 48.7038280732836 48.2858137952585 51.2670768533725 3.44030726851852 17.0833577874228
0 0 53.9628894637346 22.5092949614198 23.7725981693673 0.240347222222222 52.238646773879 48.6608445784351 48.7054760056987 48.0581891956844 50.4293093411338 3.46849505787037 17.0319568287037
0 0 53.0235529031636 21.6984046585648 23.1455043074846 0.2 52.0923408813004 48.6789840505262 48.7267331286117 48.0049966506384 50.0656332872182 3.50348619212963 17.1198806520062
0 0 58.1195789139661 21.2466491818232 21.9862795497134 0.590925925925926 52.2715768242672 48.6833130027784 48.82835721982 48.0569041956093 50.7663902905501 3.54091106481481 17.0570756365741
0 0 57.6646320968364 20.5558340104167 21.8547633931327 0.481122685185185 52.2021486139947 48.6291299928127 48.692339245606 48.05154058095 51.0747637136978 3.58146640817901 17.0712091435185
0 0 55.0497783969907 20.4833268441358 22.0730835019841 0.0288194444444444 52.1895393293029 48.6702304351502 48.7218428976659 47.9996422050784 50.6215885394764 3.61921107638889 17.2591893865741
0 0 53.3682075 21.2602302662037 23.1935171566358 0.466793981481481 52.0480780671158 48.6963609962729 48.7426638362095 47.9708283759654 50.8317184684487 3.65185483796296 17.6052840046296
