98.7215625 20.3980565007716 26.0706909162808 40.5253200829475 18.4069834818673 49.3285848272234 49.7895835437714 33.7321810358796
92.6435850694444 20.6731035300926 25.1574096450617 38.9605573688271 19.0688629108796 49.2746523832941 50.3581272409273 31.1770978298611
42.6324479166667 21.4367928337191 30.5251688175154 43.1672328915895 19.5990764274691 49.2336002077358 49.5930894089764 38.2577274402006
49.2152604166667 21.4072643344907 29.2443195659722 38.910692822145 19.4525326832562 49.3006772863382 49.4557518353604 37.1690662827932
41.3903645833333 21.3358308641975 28.7943386612654 42.0042723051697 18.6735790046296 49.2801738578818 49.5668547197618 37.9545019270833
54.8997395833333 21.0696909780093 30.0228188040123 40.7353637384259 19.6879271373457 49.2665715369619 49.9905988204493 37.8729838290895
0 21.0485513580247 30.6221099074074 42.8337658873457 20.0446808699846 49.35045909143 50.6178075530292 39.9314032561728
26.6383333333333 21.0486209972994 30.0058382619599 44.496188759645 19.1449259876543 49.3095232970533 49.922489504542 39.2526902777778
31.6625289351852 21.3718935300926 28.8040142939815 44.459716415895 20.0888753684414 49.3440108528438 49.1812216628631 41.2146333719136
0 20.9531598341049 31.4357873823302 44.6139560532407 18.6101014756944 49.2864819951191 50.0619487138939 39.8974174479167
0 21.3245784201389 29.3941852353395 47.0089967862654 18.4413368885031 49.2758290039868 49.5874652767984 40.7075930883488
0 22.3691224672068 34.3174463368055 44.8817038715278 20.6159631867284 49.286088420949 49.9820000699398 39.6943714506173
0 21.547573900463 29.3630500771605 40.7119846643518 19.9820451118827 49.2419938136678 49.9954027528298 36.716203125
34.1307465277778 21.5590990817901 29.0059282214506 44.7164504533179 19.7599140297068 49.3337541030011 49.9358869253669 39.1703445987654
0 21.8922650212191 34.5248355748457 45.5476693865741 20.7046524517747 49.2302794424153 50.2129573445478 40.0398541782407
0 21.4131948881173 30.896959375 44.0386846450617 20.2045422318673 49.2825662279445 50.1475587807334 38.6115163580247
0 21.7605456597222 29.6580061149691 40.2402630883488 20.724664685571 49.3276074358455 49.7181785679819 36.7708965567129
0 21.548702507716 32.3898309027778 46.2858104282407 19.8832307156636 49.3324575675292 49.8134822845474 40.8494522048611
0 22.4687455825617 30.4416406385031 38.3716535493827 19.3596469077932 49.2731207549769 49.5834109683936 35.197466570216
37.7426041666667 21.508971402392 30.4521035763889 43.0884187287808 18.8284598842593 49.3265141695411 49.6321896281993 38.7327149845679
39.5525810185185 21.7182348186728 30.379409375 44.1366598148148 18.8399229599317 49.3131208042087 50.183258712567 38.7920089756944
0 22.0841414737654 31.719521103395 45.8541271701389 26.8714151388889 49.2904529474066 50.0969425375159 41.9655680266203
0 23.0485384645062 32.9480405671296 44.0921689737654 22.4364622087191 49.2727134179441 49.8648384958594 39.059041087963
0 23.0806109760802 31.9515021412037 45.9454748553241 22.6628369637346 49.284818567211 49.8448957575388 39.9773784818673
